# run=gateC2-interleave__B1-gap-150us-10000-i4 L0=346 L1=11388 period_us=2999 t0_ms=890
395 5
520 5
792 5
940 5
998 5
1103 5
1172 5
1304 3
1451 5
1817 5
1860 5
2022 5
2738 5
2792 5
3216 5
3284 5
3388 5
3425 5
3430 5
3557 5
3592 5
3652 5
3712 3
4072 5
4077 5
4145 5
4147 5
4237 5
4246 3
4256 3
4411 5
4502 3
4547 5
5013 5
5094 5
5204 5
5234 5
5250 3
5355 5
5425 5
5481 5
5503 5
5542 5
5593 3
5981 5
6246 5
6359 3
6391 3
6427 5
6493 3
6593 5
6643 5
6664 5
6803 5
6846 5
6908 3
7049 5
7107 5
7141 5
7449 5
7468 3
7552 5
7555 5
7722 3
7861 3
7985 5
8008 5
8097 5
8202 5
8239 5
8248 5
8388 3
8510 3
8546 5
8550 5
8568 3
8580 5
8583 5
8712 5
8883 5
9062 5
9225 5
9246 5
9462 5
9600 5
9733 5
9854 5
9909 5
9972 3
9976 5
10043 5
10061 5
10180 5
10245 3
10434 5
10452 5
10453 5
10491 3
10896 5
10988 5
11008 5
11049 5
11375 3
