# run=gateC2-interleave__B1-gap-150us-10000-i7 L0=395 L1=11442 period_us=2990 t0_ms=959
451 5
577 5
578 5
589 3
629 5
657 3
783 3
814 3
920 5
948 5
1124 5
1227 3
1241 5
1249 3
1309 5
1674 5
1704 5
1977 3
1982 5
2217 5
2254 5
2271 5
2394 3
2738 3
2942 5
3215 5
3276 3
3484 3
3533 5
3686 5
3721 5
3748 3
3893 5
3924 5
3939 5
3981 5
3992 3
4072 3
4110 3
4204 5
4607 5
4610 5
4712 5
5020 5
5362 3
5396 3
5500 3
5550 3
5703 5
5911 5
6082 3
6559 5
6593 5
6847 5
6863 5
6966 5
6977 5
7000 5
7049 5
7092 3
7253 5
7357 3
7358 5
7550 5
7599 5
7922 3
7994 5
8029 3
8101 3
8122 5
8202 5
8300 3
8306 5
8378 5
8521 3
8583 3
8678 5
8825 3
8883 3
9020 5
9156 5
9225 3
9363 5
9472 3
9520 5
9601 5
9842 3
9853 3
9990 3
10025 3
10053 5
10146 5
10322 5
10355 5
10671 5
10789 5
11014 5
11043 5
11074 5
11113 5
11139 3
11167 5
11176 5
11202 5
11206 5
11226 5
11251 3
