# run=gateC2-interleave__B1-gap-150us-10000-i1 L0=346 L1=11388 period_us=2991 t0_ms=891
406 5
430 5
434 5
664 5
749 5
956 5
1654 3
1730 3
1801 5
2008 5
2105 5
2250 5
2277 5
2413 5
2927 5
2960 5
2993 5
3369 5
3405 3
3437 5
3487 3
3701 3
4002 5
4032 3
4037 3
4121 5
4256 3
4350 3
4359 5
4772 5
4837 3
4901 5
4909 5
4937 5
4940 5
5284 3
5553 5
5667 5
5864 5
5890 5
5930 5
6134 5
6147 5
6153 3
6194 5
6217 3
6304 5
6410 5
6481 5
6845 3
6910 5
6916 3
6928 5
7050 3
7239 3
7260 5
7328 5
7397 5
7431 5
7443 3
7466 5
7567 5
7708 5
8013 5
8053 5
8527 3
8967 5
9035 5
9410 3
9527 3
9619 5
9625 5
9786 3
9892 5
10092 5
10188 5
10215 5
10307 3
10349 5
10366 5
10435 3
10571 5
10605 5
10639 5
10673 5
10717 3
10810 3
10943 5
