# run=gateC1-interleave__B1-gap-150us-10000-i1 L0=346 L1=11392 period_us=3000 t0_ms=891
347 5
527 5
647 3
658 3
743 3
1071 5
1133 3
1318 5
1323 5
1386 3
1400 3
1418 3
1617 3
1651 5
1793 5
1987 3
2089 3
2143 3
2197 5
2251 5
2358 3
2747 3
2778 3
2907 5
3005 3
3040 3
3085 3
3172 3
3320 5
3487 3
3646 5
3799 3
3904 5
4072 3
4093 5
4170 3
4595 5
4621 3
4843 3
4895 5
4929 5
5003 5
5068 5
5168 3
5216 5
5223 3
5375 3
5407 5
5415 5
5443 5
5492 3
5605 3
5642 5
5647 3
5781 5
5796 3
5952 5
5981 3
6020 5
6057 5
6309 3
6533 5
6841 5
6874 3
7590 3
7625 5
7694 5
7762 3
7795 3
7830 5
7840 3
7879 3
7898 5
8050 5
8103 3
8255 5
8343 3
8461 3
8548 3
8699 3
8726 5
8928 3
8995 3
8998 3
9059 5
9135 3
9196 5
9216 3
9332 3
9444 3
9537 5
9810 3
9878 3
9918 3
10083 3
10151 5
10185 3
10667 5
10690 3
10800 5
10870 5
10902 3
10971 5
11311 5
11347 5
